10
12
726 348 916 6 594 872 515 960 976 169 662 317 
529 702 789 255 74 574 330 338 584 238 31 172 
929
20
19 654 780 478 336 66 342 13 415 842 908 283 652 921 571 848 7 560 287 890 
730 1 703 262 453 338 223 935 872 478 718 979 886 768 336 703 672 167 606 498 
66
13
769 665 827 852 144 533 2 306 494 328 97 414 693 
562 625 697 755 576 462 319 778 995 752 583 977 397 
178
9
450 143 836 633 576 355 400 153 792 
98 492 153 542 838 740 619 125 840 
129
3
766 803 442 
257 208 66 
888
7
339 494 838 844 925 381 798 
451 317 278 500 197 135 329 
454
15
547 203 882 464 726 338 346 985 955 771 598 130 180 55 350 
504 761 553 514 430 853 424 360 74 765 134 204 957 460 170 
220
9
395 453 140 23 735 559 585 706 841 
481 768 443 990 671 914 19 924 419 
876
5
791 955 890 899 354 
989 367 197 73 219 
819
1
678 
455 
675
