1000
30636
32179
8907
3179
2431
22105
3516
3886
20406
19572
13421
22107
17845
4134
24452
15564
31868
18883
17429
22808
20183
19766
31092
27669
9684
7329
328
6299
24954
32324
5601
18571
14776
10656
13004
25360
11164
20444
2980
14373
18118
871
25898
17752
28443
17119
1176
14285
26302
11058
10547
20357
13372
5379
17440
2016
14598
8527
25208
10593
3109
31056
32159
10418
27945
17825
9681
30440
25442
8356
15101
9991
23891
2081
10199
3273
25700
4655
21289
14491
14551
26968
15209
29929
27133
21496
28817
10395
16042
19174
24619
17120
486
25430
10155
5162
2021
4094
24834
14458
32570
32120
7536
30429
25159
3560
666
14902
7416
14302
15836
1855
15025
19582
16864
5067
12420
26846
624
25422
6056
5807
8840
3230
27686
24608
18608
3323
9174
23295
3464
19534
12682
28449
14501
13998
18569
23557
16283
3880
29759
16820
15195
24512
22578
12523
18368
10931
11320
1660
356
16639
18664
5618
5560
25125
22606
26484
6484
2350
32483
3308
6283
2796
4283
21096
5699
27010
9985
19904
27907
295
10657
4473
17998
29222
8516
1769
7216
27689
25985
13212
30998
16056
31569
28151
27107
21245
14276
17691
22079
29386
31475
8204
13106
221
5942
22547
17395
1634
14487
21088
23802
14777
24710
23796
23900
25210
18894
21182
21080
16054
18631
19204
31021
19840
31693
22533
4911
8876
24562
6365
16410
10199
7664
8872
21158
28328
9058
1258
21340
30804
23603
27951
9639
5736
8278
11758
814
18627
10679
11443
16737
15585
9842
31613
5458
21088
15172
8549
18887
18620
2622
22145
7053
31326
4545
14088
12303
18645
30630
12727
23079
7779
5309
13683
8499
10427
21625
25135
15980
12553
15593
16656
1139
13619
13034
18383
25901
9822
20124
11104
2513
28853
21522
17873
12607
12389
9294
4980
18580
14316
14956
2880
29179
19348
2333
22133
28102
13882
19543
11135
6589
6996
9035
20509
31413
10803
1688
1730
1125
5765
28350
27452
4982
31261
16085
659
19929
1015
18303
564
23901
6262
30235
4686
14465
18161
1083
3965
28038
14446
15192
4006
9161
31661
8389
11810
18256
21097
7650
25374
4771
25562
30866
27201
27357
30846
12271
31888
16898
8985
4412
24975
29587
31483
6426
7081
20320
19329
29951
13266
18078
23774
14565
26731
28473
14875
7487
17254
20844
6237
22833
23466
13198
17255
27904
17849
22575
13151
28872
30608
25187
12245
15213
9167
21598
9217
30163
20505
23617
2124
28242
10942
25396
1299
16484
25495
4789
12967
9377
3122
17455
6808
31982
17199
3791
24115
28913
12010
26515
9801
11976
2907
1956
16434
9210
20282
3301
3090
17069
11366
2252
8283
10010
28551
29041
18067
12607
754
10468
13656
26323
6350
3780
11169
12671
16501
20493
20806
19787
27421
26930
195
31575
9144
3692
24121
19659
32281
28241
24501
6672
343
680
10933
31297
4470
25468
27368
20188
7236
20591
1590
14270
3458
25681
20992
846
20036
9969
11689
28408
21403
28979
9813
19421
112
22371
2032
23496
24243
3529
32627
31332
29622
31614
12898
26285
13267
28542
28569
16549
22869
11261
23881
3912
8854
15359
18494
25281
15204
18211
30819
26334
21929
22463
11911
31170
13643
18226
12129
6874
13138
17526
32722
17938
31817
10485
13931
3912
3558
3998
1583
4608
14317
25143
26266
2394
9297
20725
31970
9282
10908
26698
10876
27111
29330
14590
25826
17006
10769
18049
14996
30695
21052
12160
10588
17280
26585
17590
10711
15096
27382
517
5169
12887
2515
7621
16944
26077
29436
8796
4724
56
4790
17934
12541
20730
16284
29975
18669
18249
6794
16887
911
1240
9658
12302
30873
7447
22317
3176
29614
21671
10829
18650
13095
29969
29904
3406
1043
2231
735
29531
24444
4875
15992
8217
27885
6398
26129
12339
3632
3516
5758
10813
22620
30614
11284
27464
7696
24895
16143
16820
28409
27452
16177
10822
12442
4502
29356
25466
13388
31186
23618
19227
28291
23842
19627
14864
13140
25309
9015
21113
7220
32557
436
29691
31491
10760
30610
19031
32329
609
26693
10818
27327
12703
12523
12401
3601
9038
20783
22259
20194
25876
7021
29891
32272
17127
12311
23454
19770
29566
18519
2066
3712
26885
5109
6104
8586
6677
11900
31331
12748
22243
28568
4025
10760
32440
6851
10626
276
10657
12832
8798
17373
6759
28839
32636
172
3265
12163
20585
30632
13257
15032
16677
13469
31917
22793
4732
30203
27047
2841
27795
1314
6447
17872
16322
25564
19823
11264
10145
29483
2039
2889
1126
30534
3506
8250
15982
7390
26392
26040
26649
25509
12454
29604
12763
4625
20363
12472
25744
5725
24229
23474
22032
30930
26539
12213
3076
17220
15532
10220
248
479
1464
9840
16305
16676
22237
620
18624
11566
25173
16767
30295
13882
6909
97
21084
24166
23305
20170
4796
5305
25334
655
12290
16740
17601
17934
18984
26439
3927
26061
20396
32439
20044
8542
6887
28031
12751
902
31131
16420
29406
1438
21195
2158
18358
568
24271
1315
31886
15110
9639
30486
1156
30200
14224
18272
5848
30117
21461
25326
11352
20716
29160
28476
28955
28123
24753
15455
32370
9167
28710
6217
28956
18653
22812
26441
12217
11889
22364
9681
30081
20789
10746
14204
30006
16437
28130
10063
10327
32576
1716
15680
7831
26769
2514
3316
24974
20911
24503
25037
16557
30609
3978
11300
6519
30214
26866
21459
28654
20052
45
5111
27468
16671
12380
17396
2804
32653
6177
12729
10152
30632
17516
28997
5372
16388
32146
17769
30475
26273
27296
1488
8296
10002
32494
9790
3160
19423
26103
17173
18750
16169
24935
22301
26454
3724
19830
32388
16294
26186
16245
27428
10034
18341
29350
28165
25200
32396
30545
14883
27899
6778
22548
17521
27019
28316
10619
25885
20005
23858
14289
7702
8335
29239
18229
10956
22279
4420
6640
15671
12596
15026
12549
3098
7517
11263
31498
5769
32217
24434
25911
16553
25287
12034
701
11703
3071
7797
15960
31563
18248
4293
18984
16862
32459
27847
16829
32394
3015
29966
12913
18962
8583
22286
32250
290
25745
13693
19263
16856
545
12799
31083
25218
23509
14849
18752
17834
7082
6885
12463
12112
17447
8544
3237
32630
4312
18465
9511
30178
15102
14772
14241
25375
30341
10661
31611
27333
15158
18664
21742
15098
